
Below are listed all Github issues that were imported from Sourceforge.
The first column shows the issue number in Github and the second one
the corresponding bug number in Sourceforge.


hfst/hfst-optimized-lookup
--------------------------

1        154
2        157
3        200
4        223
5        244
6        283
7        299
8        303


hfst/hfst-ospell
----------------

1        151
2        165
3        176
4        188
5        190
6        191
7        202
8        203
9        209
10       214
11       216
12       228
13       230
14       238
15       239
16       286
17       312
18       317
19       331
20       335


hfst/hfst
---------

1        1
2        2
3        3
4        4
5        5
6        6
7        7
8        8
9        9
10       10
11       11
12       12
13       13
14       14
15       15
16       16
17       17
18       18
19       19
20       20
21       21
22       22
23       23
24       24
25       25
26       26
27       27
28       28
29       29
30       30
31       31
32       32
33       33
34       34
35       35
36       36
37       37
38       38
39       39
40       40
41       41
42       42
43       43
44       44
45       45
46       46
47       47
48       48
49       49
50       50
51       51
52       52
53       53
54       54
55       55
56       56
57       57
58       58
59       59
60       60
61       61
62       62
63       63
64       64
65       65
66       66
67       67
68       68
69       69
70       70
71       71
72       72
73       73
74       74
75       75
76       76
77       77
78       78
79       79
80       80
81       81
82       82
83       83
84       84
85       85
86       86
87       87
88       88
89       89
90       90
91       91
92       92
93       93
94       94
95       95
96       96
97       97
98       98
99       99
100      100
101      101
102      102
103      103
104      104
105      105
106      106
107      107
108      108
109      109
110      110
111      111
112      112
113      113
114      114
115      115
116      116
117      117
118      118
119      119
120      120
121      121
122      122
123      123
124      124
125      125
126      126
127      127
128      128
129      129
130      130
131      131
132      132
133      133
134      134
135      135
136      136
137      137
138      138
139      139
140      140
141      141
142      142
143      143
144      144
145      145
146      146
147      147
148      148
149      149
150      150
151      152
152      153
153      155
154      156
155      158
156      159
157      160
158      161
159      162
160      163
161      164
162      166
163      167
164      168
165      169
166      170
167      171
168      172
169      173
170      174
171      175
172      177
173      178
174      179
175      180
176      181
177      182
178      183
179      184
180      185
181      186
182      187
183      189
184      192
185      193
186      194
187      195
188      197
189      198
190      199
191      201
192      204
193      205
194      206
195      207
196      208
197      210
198      211
199      212
200      213
201      215
202      217
203      218
204      219
205      220
206      221
207      222
208      224
209      225
210      226
211      227
212      229
213      231
214      232
215      233
216      234
217      235
218      236
219      237
220      240
221      241
222      242
223      243
224      245
225      246
226      247
227      248
228      249
229      250
230      251
231      252
232      253
233      254
234      255
235      256
236      257
237      258
238      259
239      260
240      261
241      262
242      263
243      264
244      265
245      266
246      267
247      268
248      269
249      270
250      271
251      272
252      273
253      274
254      275
255      276
256      277
257      278
258      279
259      280
260      281
261      282
262      284
263      285
264      287
265      288
266      289
267      290
268      291
269      292
270      293
271      294
272      295
273      296
274      297
275      298
276      300
277      301
278      302
279      304
280      305
281      306
282      307
283      308
284      309
285      310
286      311
287      313
288      314
289      315
290      316
291      318
292      319
293      320
294      321
295      322
296      323
297      324
298      325
299      326
300      327
301      328
302      329
303      330
304      332
305      333
306      334
