
Below are listed all Sourceforge bugs that were exported as Github issues.
The first column shows the original bug number in Sourceforge and the second
one the issue number in Github. The third column shows the repository in
Github where the issue belongs to. If not shown, the repository is hfst/hfst.

1       1
2       2
3       3
4       4
5       5
6       6
7       7
8       8
9       9
10      10
11      11
12      12
13      13
14      14
15      15
16      16
17      17
18      18
19      19
20      20
21      21
22      22
23      23
24      24
25      25
26      26
27      27
28      28
29      29
30      30
31      31
32      32
33      33
34      34
35      35
36      36
37      37
38      38
39      39
40      40
41      41
42      42
43      43
44      44
45      45
46      46
47      47
48      48
49      49
50      50
51      51
52      52
53      53
54      54
55      55
56      56
57      57
58      58
59      59
60      60
61      61
62      62
63      63
64      64
65      65
66      66
67      67
68      68
69      69
70      70
71      71
72      72
73      73
74      74
75      75
76      76
77      77
78      78
79      79
80      80
81      81
82      82
83      83
84      84
85      85
86      86
87      87
88      88
89      89
90      90
91      91
92      92
93      93
94      94
95      95
96      96
97      97
98      98
99      99
100     100
101     101
102     102
103     103
104     104
105     105
106     106
107     107
108     108
109     109
110     110
111     111
112     112
113     113
114     114
115     115
116     116
117     117
118     118
119     119
120     120
121     121
122     122
123     123
124     124
125     125
126     126
127     127
128     128
129     129
130     130
131     131
132     132
133     133
134     134
135     135
136     136
137     137
138     138
139     139
140     140
141     141
142     142
143     143
144     144
145     145
146     146
147     147
148     148
149     149
150     150
151     1       hfst/hfst-ospell
152     151
153     152
154     1       hfst/hfst-optimized-lookup
155     153
156     154
157     2       hfst/hfst-optimized-lookup
158     155
159     156
160     157
161     158
162     159
163     160
164     161
165     2       hfst/hfst-ospell
166     162
167     163
168     164
169     165
170     166
171     167
172     168
173     169
174     170
175     171
176     3       hfst/hfst-ospell
177     172
178     173
179     174
180     175
181     176
182     177
183     178
184     179
185     180
186     181
187     182
188     4       hfst/hfst-ospell
189     183
190     5       hfst/hfst-ospell
191     6       hfst/hfst-ospell
192     184
193     185
194     186
195     187
197     188
198     189
199     190
200     3       hfst/hfst-optimized-lookup
201     191
202     7       hfst/hfst-ospell
203     8       hfst/hfst-ospell
204     192
205     193
206     194
207     195
208     196
209     9       hfst/hfst-ospell
210     197
211     198
212     199
213     200
214     10      hfst/hfst-ospell
215     201
216     11      hfst/hfst-ospell
217     202
218     203
219     204
220     205
221     206
222     207
223     4       hfst/hfst-optimized-lookup
224     208
225     209
226     210
227     211
228     12      hfst/hfst-ospell
229     212
230     13      hfst/hfst-ospell
231     213
232     214
233     215
234     216
235     217
236     218
237     219
238     14      hfst/hfst-ospell
239     15      hfst/hfst-ospell
240     220
241     221
242     222
243     223
244     5       hfst/hfst-optimized-lookup
245     224
246     225
247     226
248     227
249     228
250     229
251     230
252     231
253     232
254     233
255     234
256     235
257     236
258     237
259     238
260     239
261     240
262     241
263     242
264     243
265     244
266     245
267     246
268     247
269     248
270     249
271     250
272     251
273     252
274     253
275     254
276     255
277     256
278     257
279     258
280     259
281     260
282     261
283     6       hfst/hfst-optimized-lookup
284     262
285     263
286     16      hfst/hfst-ospell
287     264
288     265
289     266
290     267
291     268
292     269
293     270
294     271
295     272
296     273
297     274
298     275
299     7       hfst/hfst-optimized-lookup
300     276
301     277
302     278
303     8       hfst/hfst-optimized-lookup
304     279
305     280
306     281
307     282
308     283
309     284
310     285
311     286
312     17       hfst/hfst-ospell
313     287
314     288
315     289
316     290
317     18       hfst/hfst-ospell
318     291
319     292
320     293
321     294
322     295
323     296
324     297
325     298
326     299
327     300
328     301
329     302
330     303
331     19       hfst/hfst-ospell
332     304
333     305
334     306
335     20       hfst/hfst-ospell
